16
0 10 0.33 -2.0 0 0.0 0.0 0.0
0 10 0.33 -2.0 1 0.0 0.0 0.0
0 10 0.33 -8.0 2 0.0 0.0 0.0
0 10 0.33 -14.0 3 0.0 0.0 0.0
0 10 0.33 -20.0 0 0.0 0.0 0.0
0 10 0.33 -20.0 1 0.0 0.0 0.0
0 10 0.33 -20.0 4 0.0 0.0 -40.0
0 10 0.33 -20.0 5 0.0 0.0 -40.0
0 10 0.33 -26.0 6 0.0 0.0 0.0
0 10 0.33 -32.0 4 0.0 0.0 0.0
0 10 0.33 -32.0 5 0.0 0.0 0.0
0 10 0.33 -32.0 0 0.0 0.0 -40.0
0 10 0.33 -32.0 1 0.0 0.0 -40.0
0 20 0.33 -39.0 7 0.0 0.0 0.0
0 20 0.33 -39.0 8 0.0 0.0 0.0
1 1 1.0 -47.0 0 0.0 0.0 0.0