3
14
-200.0 0.0 10.0
-160.0 40.0 10.0
-120.0 0.0 10.0
-80.0 40.0 10.0
-40.0 0.0 10.0
0.0 40.0 10.0
40.0 0.0 10.0
80.0 40.0 10.0
120.0 0.0 10.0
160.0 40.0 10.0
200.0 0.0 10.0
240.0 40.0 10.0
280.0 0.0 10.0
320.0 40.0 10.0
14
-200.0 40.0 10.0
-160.0 0.0 10.0
-120.0 40.0 10.0
-80.0 0.0 10.0
-40.0 40.0 10.0
0.0 0.0 10.0
40.0 40.0 10.0
80.0 0.0 10.0
120.0 40.0 10.0
160.0 0.0 10.0
200.0 40.0 10.0
240.0 0.0 10.0
280.0 40.0 10.0
320.0 0.0 10.0
11
-120.0 180.0 10.0
-120.0 180.0 10.0
0.0 100.0 10.0
60.0 50.0 10.0
0.0 0.0 10.0
-60.0 50.0 10.0
0.0 100.0 10.0
60.0 50.0 10.0
0.0 0.0 10.0
-60.0 50.0 10.0
0.0 100.0 10.0
120.0 180.0 10.0
120.0 180.0 10.0
